|0000|12975412000126|
|1000|39|03209450000349||801|1933||46221|U||03/09/2025|03/09/2025|2840,00|||S|||||||||||||||||||||||2840,00|0|||||||||||||||||||||||||||||||||||||||||||||||||||||||||||||
|1020|18||2840,00|2,0000|56,80|||||2840,00||||||||||
|1030|557|1,00|2840,0000|||1|03/09/2025||00|2840,0000||||||||||||||||||||2,0000|56,80|1933|||||||||||||||||||||||||||||||||03||||||||||||||||||||||||||||||||||||||||
|1000|39|03209450000349||801|1933||46289|U||11/09/2025|11/09/2025|4365,00|||S|||||||||||||||||||||||4365,00|0|||||||||||||||||||||||||||||||||||||||||||||||||||||||||||||
|1020|18||4365,00|2,0000|87,30|||||4365,00||||||||||
|1030|557|1,00|4365,0000|||1|11/09/2025||00|4365,0000||||||||||||||||||||2,0000|87,30|1933|||||||||||||||||||||||||||||||||03||||||||||||||||||||||||||||||||||||||||
|1000|39|03209450000349||801|1933||46291|U||11/09/2025|11/09/2025|3660,00|||S|||||||||||||||||||||||3660,00|0|||||||||||||||||||||||||||||||||||||||||||||||||||||||||||||
|1020|18||3660,00|2,0000|73,20|||||3660,00||||||||||
|1030|557|1,00|3660,0000|||1|11/09/2025||00|3660,0000||||||||||||||||||||2,0000|73,20|1933|||||||||||||||||||||||||||||||||03||||||||||||||||||||||||||||||||||||||||
|1000|39|03209450000349||801|1933||46293|U||11/09/2025|11/09/2025|3965,00|||S|||||||||||||||||||||||3965,00|0|||||||||||||||||||||||||||||||||||||||||||||||||||||||||||||
|1020|18||3965,00|2,0000|79,30|||||3965,00||||||||||
|1030|557|1,00|3965,0000|||1|11/09/2025||00|3965,0000||||||||||||||||||||2,0000|79,30|1933|||||||||||||||||||||||||||||||||03||||||||||||||||||||||||||||||||||||||||
|1000|39|03209450000349||801|1933||46294|U||11/09/2025|11/09/2025|3660,00|||S|||||||||||||||||||||||3660,00|0|||||||||||||||||||||||||||||||||||||||||||||||||||||||||||||
|1020|18||3660,00|2,0000|73,20|||||3660,00||||||||||
|1030|557|1,00|3660,0000|||1|11/09/2025||00|3660,0000||||||||||||||||||||2,0000|73,20|1933|||||||||||||||||||||||||||||||||03||||||||||||||||||||||||||||||||||||||||
|1000|39|03209450000349||801|1933||46295|U||11/09/2025|11/09/2025|3660,00|||S|||||||||||||||||||||||3660,00|0|||||||||||||||||||||||||||||||||||||||||||||||||||||||||||||
|1020|18||3660,00|2,0000|73,20|||||3660,00||||||||||
|1030|557|1,00|3660,0000|||1|11/09/2025||00|3660,0000||||||||||||||||||||2,0000|73,20|1933|||||||||||||||||||||||||||||||||03||||||||||||||||||||||||||||||||||||||||
|1000|39|03209450000349||801|1933||46296|U||11/09/2025|11/09/2025|3660,00|||S|||||||||||||||||||||||3660,00|0|||||||||||||||||||||||||||||||||||||||||||||||||||||||||||||
|1020|18||3660,00|2,0000|73,20|||||3660,00||||||||||
|1030|557|1,00|3660,0000|||1|11/09/2025||00|3660,0000||||||||||||||||||||2,0000|73,20|1933|||||||||||||||||||||||||||||||||03||||||||||||||||||||||||||||||||||||||||
|1000|39|03209450000349||801|1933||46297|U||11/09/2025|11/09/2025|3660,00|||S|||||||||||||||||||||||3660,00|0|||||||||||||||||||||||||||||||||||||||||||||||||||||||||||||
|1020|18||3660,00|2,0000|73,20|||||3660,00||||||||||
|1030|557|1,00|3660,0000|||1|11/09/2025||00|3660,0000||||||||||||||||||||2,0000|73,20|1933|||||||||||||||||||||||||||||||||03||||||||||||||||||||||||||||||||||||||||
|1000|39|03209450000349||801|1933||46406|U||19/09/2025|19/09/2025|2230,00|||S|||||||||||||||||||||||2230,00|0|||||||||||||||||||||||||||||||||||||||||||||||||||||||||||||
|1020|18||2230,00|2,0000|44,60|||||2230,00||||||||||
|1030|557|1,00|2230,0000|||1|19/09/2025||00|2230,0000||||||||||||||||||||2,0000|44,60|1933|||||||||||||||||||||||||||||||||03||||||||||||||||||||||||||||||||||||||||
|1000|39|03209450000349||801|1933||46549|U||01/10/2025|01/10/2025|2840,00|||S|||||||||||||||||||||||2840,00|0|||||||||||||||||||||||||||||||||||||||||||||||||||||||||||||
|1020|18||2840,00|2,0000|56,80|||||2840,00||||||||||
|1030|557|1,00|2840,0000|||1|01/10/2025||00|2840,0000||||||||||||||||||||2,0000|56,80|1933|||||||||||||||||||||||||||||||||03||||||||||||||||||||||||||||||||||||||||
